72,68
72,67
72,66
72,65
0,511
0,472
72,64
72,35
72,34
109,36
109,35
3,2
10,258
10,77
10,174
10,221
10,81
10,7
10,74
10,226
10,2
10,3
9,5
8,16
8,14
8,5
8,7
8,10
8,13
8,2
8,3
72,33
72,32
72,31
72,30
72,29
72,28
72,27
72,26
72,25
72,24
72,23
72,22
72,21
72,20
72,19
72,18
72,17
72,16
72,15
72,14
72,13
72,12
72,11
72,10
72,9
72,8
72,7
72,6
72,5
72,4
72,3
72,2
72,1
72,0
27,5
27,4
27,3
27,2
27,1
27,0
20,3
20,2
20,1
12,3
19,2
19,1
12,2
12,1
11,28
11,27
11,26
11,25
11,24
11,23
11,22
11,21
11,20
11,19
11,18
11,17
11,16
11,15
11,14
11,13
11,12
11,11
11,10
11,9
11,8
11,7
11,6
11,5
11,4
11,3
19,3
11,2
11,1
10,301
10,299
10,295
10,291
10,285
10,282
10,279
10,273
